
0.0622868296823,0.0336904517921
0.121517138049,0.0729226360396
0.182405346976,0.112263098226
0.245000549015,0.149800017059
0.307681935702,0.187419097886
0.368600924827,0.224382407568
0.432338224106,0.264037633021
0.492826190716,0.302307689512
0.555738499954,0.342558828343
0.614432789933,0.381296772321
0.676841831508,0.419985274886
0.737703242083,0.457819230679
0.799754425313,0.496498632605
0.861814418214,0.535168047856
0.861495522177,0.450768821138
0.864758413298,0.369185169555
0.862160427465,0.297385593372
0.859617445616,0.225056124568
0.862478483939,0.154357777312
0.863666400267,0.0812509524254
0.865277610108,0.00900866614408
0.86704335436,-0.0642587028538
0.91296514322,-0.153640534224
0.974146357974,-0.192169800013
1.0492940909,-0.204395138777
1.05166801621,-0.124502361885
1.12431622042,-0.117655139191
1.19503279613,-0.119077302672
1.26819857078,-0.11998491909
1.34281709584,-0.122205669855
1.41568508273,-0.124667349168
1.48840309162,-0.12722968222
1.56031022913,-0.127621115705
1.63565277372,-0.128824279741
1.70901588114,-0.130242336234
1.78210156157,-0.13179667927
1.85462155293,-0.134260839412
1.92832776147,-0.137186547084
1.99878667133,-0.140202363219
2.07265661408,-0.13752199083
2.14474579621,-0.135331611309
2.21621702054,-0.132262104793
2.28676945226,-0.131284241537
2.36035794412,-0.131440447141
2.43694891495,-0.131785130595
2.51030105613,-0.13215959607
2.58353768294,-0.13256839663
2.65681544062,-0.133033083205
2.72934824631,-0.133246371872
2.80168094132,-0.1334461916
2.87492226464,-0.13368210486
2.95082013449,-0.133862040807
3.02650855973,-0.133765700518
3.09768006419,-0.121471922516
3.16727318653,-0.0676722131224
3.19349647063,0.000674613451741
3.19687799807,0.0845432306333
3.12545251816,0.0551971441352
3.09138915314,0.118999137171
3.04260106158,0.170995854367
2.9905939192,0.218511351288
2.93726282615,0.267358878581
2.88377839723,0.313855427753
2.83358221591,0.364929091055
2.77602557328,0.420736008272
2.72573234729,0.473763402946
2.67056225577,0.526891693277
2.62197350803,0.582017387029
2.55453191617,0.654524953878
2.5043031537,0.705246246467
2.45037021207,0.758084797639
2.39837184998,0.808415129701
2.34578839414,0.859239125438
2.29418858137,0.909548892484
2.2375542399,0.964487323576
2.18262234452,1.01777987216
2.13106326697,1.06822502332
2.07726387691,1.12110268148
2.02523815015,1.17237516305
1.97316431425,1.2236815512
1.92111296388,1.27502020731
1.86961002695,1.32562423611
1.81744176238,1.37687760858
1.76296415416,1.43043389786
1.71082007588,1.48178090008
1.65888501495,1.53231440081
1.6065096718,1.58320523584
1.55174364713,1.63648907995
1.49935231763,1.68759109874
1.44701334221,1.7386699142
1.39563857854,1.78904062734
1.34340743473,1.84030307594
1.29125238136,1.89157809933
1.23756061003,1.94488190045
1.18433898433,1.99823317066
1.13320961469,2.04924993381
1.08197959104,2.10026849713
1.02793660628,2.14479563473
0.957643791727,2.16281397989
0.871569392859,2.1418728173
0.817646229422,2.09496860687
0.883463259161,2.04937488626
0.841057644656,1.96044638639
0.83804281864,1.88719080651
0.844009296436,1.80132051838
0.842932939616,1.72784071633
0.840379204878,1.65634844707
0.839777295576,1.58489028678
0.839149918026,1.51264049641
0.838435984313,1.43948375219
0.837520562131,1.36710044375
0.836444233989,1.29172240394
0.835240504813,1.21844130502
0.83386852376,1.14605479886
0.832367224765,1.07297718209
0.830662560216,0.999573814682
0.828791960312,0.926586695677
0.826759093901,0.853604166387
0.824268657739,0.772665304714
0.82225061716,0.699496480541
0.819820947058,0.628529525876
0.818828222421,0.557759817698
0.817598199626,0.481052971086
0.816077435249,0.408476652277
0.814180056461,0.33308332517
0.812139419032,0.259792909374
0.810869210718,0.188528919431
0.809542898897,0.115451088546
0.808066595582,0.0433563793697
0.806296136604,-0.0290656122037
0.815294558525,-0.100066196047
0.878857658572,-0.0697348079286
0.917692721404,-0.136028609422
0.985975456946,-0.172120520957
1.0562693934,-0.181477474407
1.12804238821,-0.183723863968
1.20466442909,-0.183450234782
1.27792001583,-0.183156228324
1.35377656293,-0.183054798422
1.42700200113,-0.182962600928
1.50026374969,-0.182849089538
1.57258608741,-0.182795500836
1.64532195647,-0.182963837242
1.71772818422,-0.183019040514
1.78998446014,-0.183084986855
1.86586113496,-0.18347140329
1.93917008531,-0.183949950418
2.01465203613,-0.184172431332
2.09020407344,-0.184552836473
2.16687549612,-0.185020572763
2.24009212853,-0.185524462764
2.31673309905,-0.186101533173
2.39666991693,-0.186770097143
2.46991275915,-0.187482227108
2.54231162643,-0.188113056112
2.61439492386,-0.188868000917
2.68766421719,-0.189746134169
2.760151848,-0.190614440302
2.83217672321,-0.191575036648
2.90483561279,-0.193129276996
2.97530877138,-0.1937534209
3.05194709444,-0.194322008126
3.0363756902,-0.124203146254
3.11917765567,-0.0967234121915
3.1676994813,-0.0427929062169
3.18936956178,0.0243535761734
3.17417052022,0.0973423267034
3.13980824415,0.163250954988
3.09066253065,0.112080050711
3.03129820129,0.157416274716
2.98371662809,0.210249007882
2.93038673264,0.259524325554
2.88088519244,0.311076478869
2.83023075274,0.363807860866
2.78043572427,0.41578472055
2.72987224489,0.4686347685
2.67936978809,0.521487484138
2.62892352682,0.574314894631
2.57830998573,0.627333318151
2.62653615713,0.689699667081
2.67951676601,0.737020084534
2.72795381154,0.789436129098
2.79312529737,0.840860697841
2.84587497864,0.890536810926
2.89806016928,0.9416833942
2.95170136006,0.994273370573
3.00169898263,1.04328979243
3.05314824494,1.09422620397
3.10419420182,1.14494222677
3.15612941194,1.19654076538
3.20790504384,1.24765784016
3.25986942849,1.29890728281
3.31069390692,1.34889853067
3.36246397161,1.39952454906
3.42472628908,1.35104594971
3.47250429324,1.29932828023
3.52274879154,1.24774749754
3.57327262981,1.19625388758
3.62454497057,1.14399630789
3.67571277878,1.0918543768
3.72688166796,1.03957589933
3.77799894262,0.987290320381
3.83038726187,0.932792604218
3.88011457117,0.880733535103
3.93051471619,0.827914146382
3.99463199495,0.797177862539
3.99711233901,0.867400414071
4.07603805558,0.873668552086
4.13893321702,0.907554707256
4.19155198298,0.957640268956
4.24095511676,1.00923503996
4.29154638953,1.0621564551
4.3420126332,1.11489735661
4.39263710181,1.16773107881
4.44060019509,1.21897434252
4.49618133413,1.27424747748
4.54836643173,1.32160942192
4.59806511908,1.3723279339
4.6493268675,1.42472197197
4.7005404784,1.47946094778
4.75225187379,1.53096216474
4.80284499272,1.58178603028
4.85439171034,1.63356597906
4.90590728841,1.68527435892
4.95754151439,1.73707261042
5.01012052216,1.79052721333
5.05968676336,1.84170046895
5.10908795114,1.89333432952
5.15973354332,1.94632526931
5.1885901555,2.02255974609
5.18324881239,2.09276744297
5.11892255792,2.06054105971
5.07770509691,2.12783545835
5.01280120983,2.16913100399
4.93353087916,2.20038654794
4.86404679934,2.21921728727
4.79778653971,2.24519700807
4.72891931978,2.2699389005
4.66108901614,2.29406677612
4.59333397322,2.31825142469
4.52447351904,2.34298742404
4.4539434928,2.36871005043
4.38391907845,2.39491452525
4.29588003324,2.42450519224
4.22916675024,2.44686628393
4.1594361485,2.46932519793
4.08849933288,2.49268308372
4.01925195374,2.51582954988
3.95086580949,2.5392802729
3.88181860583,2.56325189758
3.81287344791,2.58732681976
3.74179391082,2.61268967958
3.67374576789,2.63717379994
3.60669750755,2.66169215668
3.54096085363,2.68629652778
3.47471783902,2.71090539192
3.40800199393,2.73629895429
3.34212734776,2.76162966807
3.27354019604,2.7847413131
3.20414715194,2.80830880041
3.13585331137,2.83180564456
3.06692510862,2.8557365881
3.04252484642,2.78974384467
2.95916016965,2.81345511539
2.89130675952,2.83887992088
2.82339791752,2.85810680131
2.7575691998,2.8833888409
2.68934260359,2.90679408091
2.62047227046,2.92693867865
2.55366255673,2.94865605392
2.48480607864,2.97175244798
2.41403957977,2.99622636277
2.3451508489,3.0204122002
2.2729016308,3.04594845362
2.20494777826,3.07049654128
2.1340720827,3.09619120055
2.06100606731,3.12301375494
1.99124296546,3.14431516908
1.9207331831,3.14398217822
1.8467230104,3.10728408714
1.80662005252,3.04956125121
1.78369015943,2.9663530962
1.8538458864,2.97718303305
1.87101813919,2.90678871575
1.91416772313,2.84274632288
1.96760511082,2.78528969302
2.02012498013,2.73740340831
2.07207011543,2.68880373842
2.1211243586,2.6355372189
2.16988921842,2.5840834352
2.22214606064,2.52784264355
2.2735841744,2.47961424688
2.32304712251,2.42918517999
2.37650441981,2.37451336077
2.42763395903,2.32221882608
2.47775834017,2.27067183428
2.52880539825,2.21809989699
2.57874467568,2.16653379433
2.63181818208,2.11158464947
2.68174463086,2.05952439484
2.73178855159,2.00765234751
2.78266132218,1.9549756484
2.83252399758,1.90285977453
2.88250570086,1.85079875935
2.93323975374,1.79797117674
2.98292457874,1.74603892418
3.03349178372,1.69314428162
3.08406607817,1.64016833812
3.13371354292,1.5877092093
3.18322275666,1.534698301
3.2353922561,1.48621964383
3.28677923811,1.43591842615
3.33826837888,1.38538478616
3.3899338908,1.33487301028
3.44224137062,1.28376884752
3.49686474546,1.23035467335
3.5491359758,1.17913581424
3.60280031157,1.12652072112
3.65723867231,1.07303680867
3.70849007445,1.0222052088
3.76226068852,0.969159177228
3.81625114496,0.916081774381
3.86737534233,0.865548107825
3.91864863304,0.814681180819
3.94807379016,0.879898344657
4.03146759807,0.849706385764
4.10352683442,0.863061121718
4.16269222453,0.902504173467
4.21098317916,0.956896554252
4.12422750548,0.977485214227
4.17272015694,1.02974539734
4.22608563101,1.08364784342
4.1604157554,1.05610147882
4.12631686398,1.12476931185
4.17219223475,1.18219515012
4.1183297849,1.12190239809
4.06390025841,1.07161878988
4.01271406852,1.01889560171
3.96135675974,0.966967455056
4.01919016357,0.909331214544
4.08878601401,0.923060832525
4.14715394642,0.970955155738
4.20961012207,1.03381337563
4.26179190812,1.09565427531
4.31274550921,1.14395604727
4.36476997716,1.19701738169
4.41501102966,1.25119271575
4.46895198948,1.30358804791
4.52157613277,1.35464415202
4.57638741497,1.40772984872
4.62895403635,1.45859311371
4.6833112707,1.51089971838
4.73447345438,1.559094271
4.78685146382,1.60848394491
4.83911546752,1.65762244541
4.89292460084,1.70694234538
4.94504443894,1.75570759975
4.99437124249,1.8080941245
5.04462557118,1.86038199221
5.09536134795,1.91302965934
5.14753997628,1.96744832309
5.16412748177,2.03736980917
5.14049373549,2.13463545863
5.09355267008,2.18865134884
5.05917294706,2.12101772523
4.98603826808,2.1472306304
4.91859384928,2.17235806858
4.84938737948,2.19457958283
4.7799753344,2.21710549624
4.80063188649,2.30648681789
4.82373760225,2.37307596713
4.84071532918,2.44475088207
4.85757920964,2.51330545537
4.87871887012,2.58242202182
4.9022431555,2.65860113498
4.92409953035,2.72857285962
4.94539976988,2.79613903839
4.96748990737,2.86397633376
4.98621286878,2.93436940236